s0 s1 s2 s3 
b0 b1 b0 b1 b0 b1 b0 b1 
w0 w1 w0 w1 w0 w1 w0 w1 w0 w1 w0 w1 w0 w1 w0 w1 
-1 -1 -1 -1 -1 -1 -1 -1 -1 -1 -1 -1 14 15 -1 -1 
32 33 -1 -1 -1 -1 -1 -1 -1 -1 -1 -1 14 15 -1 -1 
32 33 24 25 -1 -1 -1 -1 -1 -1 -1 -1 14 15 -1 -1 
32 33 24 25 -1 -1 -1 -1 -1 -1 -1 -1 14 15 -1 -1 
8 9 24 25 -1 -1 -1 -1 -1 -1 -1 -1 14 15 -1 -1 
8 9 24 25 -1 -1 -1 -1 12 13 -1 -1 14 15 -1 -1 
8 9 24 25 10 11 -1 -1 12 13 -1 -1 14 15 -1 -1 
8 9 24 25 10 11 -1 -1 12 13 -1 -1 14 15 -1 -1 
8 9 24 25 10 11 -1 -1 12 13 -1 -1 14 15 30 31 
8 9 32 33 10 11 -1 -1 12 13 -1 -1 14 15 30 31 
16 17 32 33 10 11 -1 -1 12 13 -1 -1 14 15 30 31 
16 17 32 33 10 11 18 19 12 13 -1 -1 14 15 30 31 
16 17 32 33 10 11 18 19 12 13 20 21 14 15 30 31 
16 17 24 25 10 11 18 19 12 13 20 21 14 15 30 31 
16 17 24 25 10 11 18 19 12 13 20 21 14 15 30 31 
16 17 24 25 10 11 18 19 12 13 20 21 14 15 30 31 
16 17 24 25 2 3 18 19 12 13 20 21 14 15 30 31 
8 9 24 25 2 3 18 19 12 13 20 21 14 15 30 31 
8 9 24 25 2 3 18 19 12 13 20 21 6 7 30 31 
8 9 0 1 2 3 18 19 12 13 20 21 6 7 30 31 
8 9 0 1 2 3 10 11 12 13 20 21 6 7 30 31 

