s0 
b0 b1 b2 b3 b4 b5 b6 b7 
w0 w1 w0 w1 w0 w1 w0 w1 w0 w1 w0 w1 w0 w1 w0 w1 
14 15 -1 -1 -1 -1 -1 -1 -1 -1 -1 -1 -1 -1 -1 -1 
14 15 32 33 -1 -1 -1 -1 -1 -1 -1 -1 -1 -1 -1 -1 
14 15 32 33 24 25 -1 -1 -1 -1 -1 -1 -1 -1 -1 -1 
14 15 32 33 24 25 -1 -1 -1 -1 -1 -1 -1 -1 -1 -1 
14 15 32 33 24 25 8 9 -1 -1 -1 -1 -1 -1 -1 -1 
14 15 32 33 24 25 8 9 12 13 -1 -1 -1 -1 -1 -1 
14 15 32 33 24 25 8 9 12 13 10 11 -1 -1 -1 -1 
14 15 32 33 24 25 8 9 12 13 10 11 -1 -1 -1 -1 
14 15 32 33 24 25 8 9 12 13 10 11 30 31 -1 -1 
14 15 32 33 24 25 8 9 12 13 10 11 30 31 -1 -1 
14 15 32 33 24 25 8 9 12 13 10 11 30 31 16 17 
14 15 32 33 24 25 8 9 12 13 10 11 30 31 18 19 
14 15 32 33 24 25 8 9 12 13 10 11 30 31 20 21 
14 15 32 33 24 25 8 9 12 13 10 11 30 31 20 21 
14 15 32 33 18 19 8 9 12 13 10 11 30 31 20 21 
14 15 32 33 18 19 8 9 12 13 10 11 30 31 20 21 
14 15 32 33 18 19 8 9 12 13 10 11 30 31 2 3 
14 15 32 33 18 19 8 9 12 13 10 11 30 31 2 3 
14 15 32 33 18 19 6 7 12 13 10 11 30 31 2 3 
14 15 32 33 18 19 0 1 12 13 10 11 30 31 2 3 
14 15 32 33 18 19 0 1 12 13 10 11 30 31 2 3 

