s0 
b0 b1 b2 b3 b4 b5 b6 b7 
w0 w1 w0 w1 w0 w1 w0 w1 w0 w1 w0 w1 w0 w1 w0 w1 
14  15  0  0  0  0  0  0  0  0  0  0  0  0  0  0  
32  33  0  0  0  0  0  0  0  0  0  0  0  0  0  0  
32  33  24  25  0  0  0  0  0  0  0  0  0  0  0  0  
32  33  24  25  0  0  0  0  0  0  0  0  0  0  0  0  
32  33  24  25  8  9  0  0  0  0  0  0  0  0  0  0  
32  33  24  25  8  9  12  13  0  0  0  0  0  0  0  0  
32  33  24  25  8  9  12  13  10  11  0  0  0  0  0  0  
32  33  24  25  8  9  12  13  10  11  0  0  0  0  0  0  
32  33  24  25  8  9  12  13  10  11  30  31  0  0  0  0  
32  33  24  25  8  9  12  13  10  11  30  31  0  0  0  0  
32  33  24  25  8  9  12  13  10  11  30  31  16  17  0  0  
32  33  24  25  8  9  12  13  10  11  30  31  16  17  18  19  
20  21  24  25  8  9  12  13  10  11  30  31  16  17  18  19  
20  21  24  25  8  9  12  13  10  11  30  31  16  17  18  19  
20  21  24  25  8  9  12  13  10  11  30  31  16  17  18  19  
20  21  24  25  8  9  12  13  10  11  30  31  16  17  18  19  
20  21  2  3  8  9  12  13  10  11  30  31  16  17  18  19  
20  21  2  3  8  9  12  13  10  11  30  31  16  17  18  19  
20  21  2  3  6  7  12  13  10  11  30  31  16  17  18  19  
20  21  2  3  6  7  0  1  10  11  30  31  16  17  18  19  
20  21  2  3  6  7  0  1  10  11  30  31  16  17  18  19  

